{
 "cells": [
  {
   "cell_type": "markdown",
   "metadata": {},
   "source": [
    "<h1><b>Content Based Filtering : Kampus Merdeka</b></h1>"
   ]
  },
  {
   "cell_type": "code",
   "execution_count": 49,
   "metadata": {},
   "outputs": [
    {
     "data": {
      "text/html": [
       "<div>\n",
       "<style scoped>\n",
       "    .dataframe tbody tr th:only-of-type {\n",
       "        vertical-align: middle;\n",
       "    }\n",
       "\n",
       "    .dataframe tbody tr th {\n",
       "        vertical-align: top;\n",
       "    }\n",
       "\n",
       "    .dataframe thead th {\n",
       "        text-align: right;\n",
       "    }\n",
       "</style>\n",
       "<table border=\"1\" class=\"dataframe\">\n",
       "  <thead>\n",
       "    <tr style=\"text-align: right;\">\n",
       "      <th></th>\n",
       "      <th>partner_name</th>\n",
       "      <th>address</th>\n",
       "      <th>description</th>\n",
       "      <th>program</th>\n",
       "      <th>course_name</th>\n",
       "    </tr>\n",
       "  </thead>\n",
       "  <tbody>\n",
       "    <tr>\n",
       "      <th>0</th>\n",
       "      <td>Nabil Syahfiar</td>\n",
       "      <td>Kaliwungu, Kendal, Jawa Tengah, 51372</td>\n",
       "      <td>ai, object oriented programming, oop, web prog...</td>\n",
       "      <td>Kuliah</td>\n",
       "      <td>Mata Kuliah</td>\n",
       "    </tr>\n",
       "    <tr>\n",
       "      <th>1</th>\n",
       "      <td>PT Orbit Ventura Indonesia</td>\n",
       "      <td>Veteran RI Building 15th Floor Unit Z15-002, P...</td>\n",
       "      <td>3.AI Project Cycle 2.AI Research Methods 4.Pyt...</td>\n",
       "      <td>Studi Independen</td>\n",
       "      <td>AI 4 Jobs</td>\n",
       "    </tr>\n",
       "    <tr>\n",
       "      <th>2</th>\n",
       "      <td>PT Mitra Semeru Indonesia</td>\n",
       "      <td>Jl. Mampang Prapatan Raya no 84A, Tegal Parang...</td>\n",
       "      <td>1.AI Technology Logic and Concept 2.AI Project...</td>\n",
       "      <td>Studi Independen</td>\n",
       "      <td>AI for StartUps</td>\n",
       "    </tr>\n",
       "    <tr>\n",
       "      <th>3</th>\n",
       "      <td>PT Nurul Fikri Cipta Inovasi</td>\n",
       "      <td>Jl. Situ Indah No.116 RT. 006 RW. 010 Kel. Tug...</td>\n",
       "      <td>Desain Web Version Control System (VCS): Git/G...</td>\n",
       "      <td>Studi Independen</td>\n",
       "      <td>Akademi Fullstack Web Developer</td>\n",
       "    </tr>\n",
       "    <tr>\n",
       "      <th>4</th>\n",
       "      <td>PT Ruang Raya Indonesia</td>\n",
       "      <td>Jl. Dr. Saharjo No.161, Manggarai Selatan, Teb...</td>\n",
       "      <td>Final Project Software Engineering: Implementi...</td>\n",
       "      <td>Studi Independen</td>\n",
       "      <td>Backend Engineering</td>\n",
       "    </tr>\n",
       "    <tr>\n",
       "      <th>5</th>\n",
       "      <td>PT LENTERA BANGSA BENDERANG</td>\n",
       "      <td>(Alamat Tidak Tersedia)</td>\n",
       "      <td>Know the Introduction to the World of Programm...</td>\n",
       "      <td>Studi Independen</td>\n",
       "      <td>Backend Javascript</td>\n",
       "    </tr>\n",
       "    <tr>\n",
       "      <th>6</th>\n",
       "      <td>PT DWI INTI PUTRA</td>\n",
       "      <td>(Alamat Tidak Tersedia)</td>\n",
       "      <td>Capstone Project Support Group Introduction to...</td>\n",
       "      <td>Studi Independen</td>\n",
       "      <td>Data Analyst</td>\n",
       "    </tr>\n",
       "    <tr>\n",
       "      <th>7</th>\n",
       "      <td>PT. INDOBIT DIGITAL RAYA</td>\n",
       "      <td>Educenter building unit 22218 Kav Commercial I...</td>\n",
       "      <td>Program Onboarding Data Collection Overview of...</td>\n",
       "      <td>Studi Independen</td>\n",
       "      <td>Data Analytics for Business</td>\n",
       "    </tr>\n",
       "    <tr>\n",
       "      <th>8</th>\n",
       "      <td>PT Mitra Integrasi Informatika</td>\n",
       "      <td>APL Tower Lantai 37, Jl. Letjen S. Parman Kav....</td>\n",
       "      <td>Introduction to Programming Front-End Programm...</td>\n",
       "      <td>Studi Independen</td>\n",
       "      <td>Full Stack Developer</td>\n",
       "    </tr>\n",
       "    <tr>\n",
       "      <th>9</th>\n",
       "      <td>PT LENTERA BANGSA BENDERANG</td>\n",
       "      <td>(Alamat Tidak Tersedia)</td>\n",
       "      <td>Perform unit testing and deployment Master the...</td>\n",
       "      <td>Studi Independen</td>\n",
       "      <td>Fullstack Web</td>\n",
       "    </tr>\n",
       "    <tr>\n",
       "      <th>10</th>\n",
       "      <td>PT Hacktivate Teknologi Indonesia</td>\n",
       "      <td>Gedung Aquarius Lt. 1&amp;2, Jl. Sultan Iskandar M...</td>\n",
       "      <td>Exploration of Various Applications of Functio...</td>\n",
       "      <td>Studi Independen</td>\n",
       "      <td>Golang for Back End Programmer</td>\n",
       "    </tr>\n",
       "    <tr>\n",
       "      <th>11</th>\n",
       "      <td>PT Nodeflux Teknologi Indonesia</td>\n",
       "      <td>Jakarta Indonesia</td>\n",
       "      <td>MLOps and Continous Improvement on AI Systems ...</td>\n",
       "      <td>Magang</td>\n",
       "      <td>AI Engineer</td>\n",
       "    </tr>\n",
       "    <tr>\n",
       "      <th>12</th>\n",
       "      <td>PT Pundi Mas Berjaya</td>\n",
       "      <td>Jl. Kw. Industri Tunas 2 No.7D, Belian, Kec. B...</td>\n",
       "      <td>Analysis of a system Dynamic teamwork Creation...</td>\n",
       "      <td>Magang</td>\n",
       "      <td>Analisis Sistem</td>\n",
       "    </tr>\n",
       "    <tr>\n",
       "      <th>13</th>\n",
       "      <td>PT GIT SOLUTION</td>\n",
       "      <td>(Alamat Tidak Tersedia)</td>\n",
       "      <td>Understanding of application design, use of AP...</td>\n",
       "      <td>Magang</td>\n",
       "      <td>Android Developer</td>\n",
       "    </tr>\n",
       "    <tr>\n",
       "      <th>14</th>\n",
       "      <td>PT Telkom Indonesia (Persero) Tbk</td>\n",
       "      <td>Jl Japati 1, Bandung</td>\n",
       "      <td>Software Development Life-Cycle Data Managemen...</td>\n",
       "      <td>Magang</td>\n",
       "      <td>Back-end Developer</td>\n",
       "    </tr>\n",
       "    <tr>\n",
       "      <th>15</th>\n",
       "      <td>PT TELEKOMUNIKASI SELULAR</td>\n",
       "      <td>The Telkom Hub, Jl. Gatot Subroto No.Kav. 52, ...</td>\n",
       "      <td>Data Mining Data and Statistical Analytic Soft...</td>\n",
       "      <td>Magang</td>\n",
       "      <td>Data Analytics Intern</td>\n",
       "    </tr>\n",
       "    <tr>\n",
       "      <th>16</th>\n",
       "      <td>PT Widya Inovasi Indonesia</td>\n",
       "      <td>Jl. Palagan Tentara Pelajar KM 7.5 No.31A, Mud...</td>\n",
       "      <td>Commit &amp; push code UI implementation Collabora...</td>\n",
       "      <td>Magang</td>\n",
       "      <td>Front-End Developer</td>\n",
       "    </tr>\n",
       "    <tr>\n",
       "      <th>17</th>\n",
       "      <td>PT Bejana Investidata Globalindo</td>\n",
       "      <td>Jl. Cipaku Indah III No. 14, Bandung, Jawa Bar...</td>\n",
       "      <td>Implementation of REST API Implementation of c...</td>\n",
       "      <td>Magang</td>\n",
       "      <td>Full-Stack Developer</td>\n",
       "    </tr>\n",
       "    <tr>\n",
       "      <th>18</th>\n",
       "      <td>PT Investree Radhika Jaya Group</td>\n",
       "      <td>AIA Central 21st Floor, Jalan Jendral Sudirman...</td>\n",
       "      <td>Vue La Laravel Introduction Final Project &amp; Pr...</td>\n",
       "      <td>Magang</td>\n",
       "      <td>Fullstack Engineer</td>\n",
       "    </tr>\n",
       "    <tr>\n",
       "      <th>19</th>\n",
       "      <td>PT Generasi Anak Muda Berkarya</td>\n",
       "      <td>Grand Slipi Tower, CHR Offce Unit O Lt 9, Jl. ...</td>\n",
       "      <td>Applying Design on Android Storing Data into L...</td>\n",
       "      <td>Magang</td>\n",
       "      <td>Mobile Android Development</td>\n",
       "    </tr>\n",
       "    <tr>\n",
       "      <th>20</th>\n",
       "      <td>UPT Solo Technopark</td>\n",
       "      <td>Jl. Ki Hajar Dewantara No.19, Jebres, Kec. Jeb...</td>\n",
       "      <td>Adaptability Creativity Leadership and Teamwor...</td>\n",
       "      <td>Magang</td>\n",
       "      <td>Web Developer</td>\n",
       "    </tr>\n",
       "  </tbody>\n",
       "</table>\n",
       "</div>"
      ],
      "text/plain": [
       "                         partner_name  \\\n",
       "0                      Nabil Syahfiar   \n",
       "1          PT Orbit Ventura Indonesia   \n",
       "2           PT Mitra Semeru Indonesia   \n",
       "3        PT Nurul Fikri Cipta Inovasi   \n",
       "4             PT Ruang Raya Indonesia   \n",
       "5         PT LENTERA BANGSA BENDERANG   \n",
       "6                   PT DWI INTI PUTRA   \n",
       "7            PT. INDOBIT DIGITAL RAYA   \n",
       "8      PT Mitra Integrasi Informatika   \n",
       "9         PT LENTERA BANGSA BENDERANG   \n",
       "10  PT Hacktivate Teknologi Indonesia   \n",
       "11    PT Nodeflux Teknologi Indonesia   \n",
       "12               PT Pundi Mas Berjaya   \n",
       "13                    PT GIT SOLUTION   \n",
       "14  PT Telkom Indonesia (Persero) Tbk   \n",
       "15          PT TELEKOMUNIKASI SELULAR   \n",
       "16         PT Widya Inovasi Indonesia   \n",
       "17   PT Bejana Investidata Globalindo   \n",
       "18    PT Investree Radhika Jaya Group   \n",
       "19     PT Generasi Anak Muda Berkarya   \n",
       "20                UPT Solo Technopark   \n",
       "\n",
       "                                              address  \\\n",
       "0               Kaliwungu, Kendal, Jawa Tengah, 51372   \n",
       "1   Veteran RI Building 15th Floor Unit Z15-002, P...   \n",
       "2   Jl. Mampang Prapatan Raya no 84A, Tegal Parang...   \n",
       "3   Jl. Situ Indah No.116 RT. 006 RW. 010 Kel. Tug...   \n",
       "4   Jl. Dr. Saharjo No.161, Manggarai Selatan, Teb...   \n",
       "5                             (Alamat Tidak Tersedia)   \n",
       "6                             (Alamat Tidak Tersedia)   \n",
       "7   Educenter building unit 22218 Kav Commercial I...   \n",
       "8   APL Tower Lantai 37, Jl. Letjen S. Parman Kav....   \n",
       "9                             (Alamat Tidak Tersedia)   \n",
       "10  Gedung Aquarius Lt. 1&2, Jl. Sultan Iskandar M...   \n",
       "11                                  Jakarta Indonesia   \n",
       "12  Jl. Kw. Industri Tunas 2 No.7D, Belian, Kec. B...   \n",
       "13                            (Alamat Tidak Tersedia)   \n",
       "14                               Jl Japati 1, Bandung   \n",
       "15  The Telkom Hub, Jl. Gatot Subroto No.Kav. 52, ...   \n",
       "16  Jl. Palagan Tentara Pelajar KM 7.5 No.31A, Mud...   \n",
       "17  Jl. Cipaku Indah III No. 14, Bandung, Jawa Bar...   \n",
       "18  AIA Central 21st Floor, Jalan Jendral Sudirman...   \n",
       "19  Grand Slipi Tower, CHR Offce Unit O Lt 9, Jl. ...   \n",
       "20  Jl. Ki Hajar Dewantara No.19, Jebres, Kec. Jeb...   \n",
       "\n",
       "                                          description           program  \\\n",
       "0   ai, object oriented programming, oop, web prog...            Kuliah   \n",
       "1   3.AI Project Cycle 2.AI Research Methods 4.Pyt...  Studi Independen   \n",
       "2   1.AI Technology Logic and Concept 2.AI Project...  Studi Independen   \n",
       "3   Desain Web Version Control System (VCS): Git/G...  Studi Independen   \n",
       "4   Final Project Software Engineering: Implementi...  Studi Independen   \n",
       "5   Know the Introduction to the World of Programm...  Studi Independen   \n",
       "6   Capstone Project Support Group Introduction to...  Studi Independen   \n",
       "7   Program Onboarding Data Collection Overview of...  Studi Independen   \n",
       "8   Introduction to Programming Front-End Programm...  Studi Independen   \n",
       "9   Perform unit testing and deployment Master the...  Studi Independen   \n",
       "10  Exploration of Various Applications of Functio...  Studi Independen   \n",
       "11  MLOps and Continous Improvement on AI Systems ...            Magang   \n",
       "12  Analysis of a system Dynamic teamwork Creation...            Magang   \n",
       "13  Understanding of application design, use of AP...            Magang   \n",
       "14  Software Development Life-Cycle Data Managemen...            Magang   \n",
       "15  Data Mining Data and Statistical Analytic Soft...            Magang   \n",
       "16  Commit & push code UI implementation Collabora...            Magang   \n",
       "17  Implementation of REST API Implementation of c...            Magang   \n",
       "18  Vue La Laravel Introduction Final Project & Pr...            Magang   \n",
       "19  Applying Design on Android Storing Data into L...            Magang   \n",
       "20  Adaptability Creativity Leadership and Teamwor...            Magang   \n",
       "\n",
       "                        course_name  \n",
       "0                       Mata Kuliah  \n",
       "1                         AI 4 Jobs  \n",
       "2                   AI for StartUps  \n",
       "3   Akademi Fullstack Web Developer  \n",
       "4               Backend Engineering  \n",
       "5                Backend Javascript  \n",
       "6                      Data Analyst  \n",
       "7       Data Analytics for Business  \n",
       "8              Full Stack Developer  \n",
       "9                     Fullstack Web  \n",
       "10   Golang for Back End Programmer  \n",
       "11                      AI Engineer  \n",
       "12                  Analisis Sistem  \n",
       "13                Android Developer  \n",
       "14               Back-end Developer  \n",
       "15            Data Analytics Intern  \n",
       "16              Front-End Developer  \n",
       "17             Full-Stack Developer  \n",
       "18               Fullstack Engineer  \n",
       "19       Mobile Android Development  \n",
       "20                    Web Developer  "
      ]
     },
     "execution_count": 49,
     "metadata": {},
     "output_type": "execute_result"
    }
   ],
   "source": [
    "import pandas as pd\n",
    "import numpy as np\n",
    "from sklearn.metrics.pairwise import cosine_similarity\n",
    "from sklearn.feature_extraction.text import TfidfVectorizer\n",
    "from nltk.corpus import stopwords\n",
    "import re\n",
    "import random\n",
    "\n",
    "df = pd.read_csv(\"dataset/kampusmerdeka_dataset.csv\")\n",
    "\n",
    "df"
   ]
  },
  {
   "cell_type": "markdown",
   "metadata": {},
   "source": [
    "<br>\n",
    "<h2><b>1. Ikhtisar</b></h2>"
   ]
  },
  {
   "cell_type": "code",
   "execution_count": 50,
   "metadata": {},
   "outputs": [
    {
     "data": {
      "text/html": [
       "<div>\n",
       "<style scoped>\n",
       "    .dataframe tbody tr th:only-of-type {\n",
       "        vertical-align: middle;\n",
       "    }\n",
       "\n",
       "    .dataframe tbody tr th {\n",
       "        vertical-align: top;\n",
       "    }\n",
       "\n",
       "    .dataframe thead th {\n",
       "        text-align: right;\n",
       "    }\n",
       "</style>\n",
       "<table border=\"1\" class=\"dataframe\">\n",
       "  <thead>\n",
       "    <tr style=\"text-align: right;\">\n",
       "      <th></th>\n",
       "      <th>partner_name</th>\n",
       "      <th>address</th>\n",
       "      <th>description</th>\n",
       "      <th>program</th>\n",
       "      <th>course_name</th>\n",
       "    </tr>\n",
       "  </thead>\n",
       "  <tbody>\n",
       "    <tr>\n",
       "      <th>count</th>\n",
       "      <td>21</td>\n",
       "      <td>21</td>\n",
       "      <td>21</td>\n",
       "      <td>21</td>\n",
       "      <td>21</td>\n",
       "    </tr>\n",
       "    <tr>\n",
       "      <th>unique</th>\n",
       "      <td>20</td>\n",
       "      <td>18</td>\n",
       "      <td>21</td>\n",
       "      <td>3</td>\n",
       "      <td>21</td>\n",
       "    </tr>\n",
       "    <tr>\n",
       "      <th>top</th>\n",
       "      <td>PT LENTERA BANGSA BENDERANG</td>\n",
       "      <td>(Alamat Tidak Tersedia)</td>\n",
       "      <td>ai, object oriented programming, oop, web prog...</td>\n",
       "      <td>Studi Independen</td>\n",
       "      <td>Mata Kuliah</td>\n",
       "    </tr>\n",
       "    <tr>\n",
       "      <th>freq</th>\n",
       "      <td>2</td>\n",
       "      <td>4</td>\n",
       "      <td>1</td>\n",
       "      <td>10</td>\n",
       "      <td>1</td>\n",
       "    </tr>\n",
       "  </tbody>\n",
       "</table>\n",
       "</div>"
      ],
      "text/plain": [
       "                       partner_name                  address  \\\n",
       "count                            21                       21   \n",
       "unique                           20                       18   \n",
       "top     PT LENTERA BANGSA BENDERANG  (Alamat Tidak Tersedia)   \n",
       "freq                              2                        4   \n",
       "\n",
       "                                              description           program  \\\n",
       "count                                                  21                21   \n",
       "unique                                                 21                 3   \n",
       "top     ai, object oriented programming, oop, web prog...  Studi Independen   \n",
       "freq                                                    1                10   \n",
       "\n",
       "        course_name  \n",
       "count            21  \n",
       "unique           21  \n",
       "top     Mata Kuliah  \n",
       "freq              1  "
      ]
     },
     "execution_count": 50,
     "metadata": {},
     "output_type": "execute_result"
    }
   ],
   "source": [
    "df.describe()"
   ]
  },
  {
   "cell_type": "code",
   "execution_count": 51,
   "metadata": {},
   "outputs": [
    {
     "name": "stdout",
     "output_type": "stream",
     "text": [
      "<class 'pandas.core.frame.DataFrame'>\n",
      "RangeIndex: 21 entries, 0 to 20\n",
      "Data columns (total 5 columns):\n",
      " #   Column        Non-Null Count  Dtype \n",
      "---  ------        --------------  ----- \n",
      " 0   partner_name  21 non-null     object\n",
      " 1   address       21 non-null     object\n",
      " 2   description   21 non-null     object\n",
      " 3   program       21 non-null     object\n",
      " 4   course_name   21 non-null     object\n",
      "dtypes: object(5)\n",
      "memory usage: 968.0+ bytes\n"
     ]
    }
   ],
   "source": [
    "df.info()"
   ]
  },
  {
   "cell_type": "markdown",
   "metadata": {},
   "source": [
    "<br>\n",
    "<h2><b>2. Deskripsi Modul & Kompetensi</b> (Sebelum Preprocessing)</h2>"
   ]
  },
  {
   "cell_type": "code",
   "execution_count": 52,
   "metadata": {},
   "outputs": [],
   "source": [
    "def print_description(index):\n",
    "    example = df[df.index == index][['description', 'partner_name', 'program', 'course_name']].values[0]\n",
    "    if len(example) > 0:\n",
    "        print(example[0], '\\n')\n",
    "        print('Nama Mitra\\t:', example[1])\n",
    "        print('Program\\t:', example[2])\n",
    "        print('Kursus atau Posisi\\t:', example[3])\n",
    "        print()"
   ]
  },
  {
   "cell_type": "code",
   "execution_count": 53,
   "metadata": {},
   "outputs": [
    {
     "name": "stdout",
     "output_type": "stream",
     "text": [
      "3.AI Project Cycle 2.AI Research Methods 4.Python 1 programming.AI Technology Logic and Concept 6.Final Project 5.Professional Ethics & Company Skills \n",
      "\n",
      "Nama Mitra\t: PT Orbit Ventura Indonesia\n",
      "Program\t: Studi Independen\n",
      "Kursus atau Posisi\t: AI 4 Jobs\n",
      "\n"
     ]
    }
   ],
   "source": [
    "print_description(1)"
   ]
  },
  {
   "cell_type": "markdown",
   "metadata": {},
   "source": [
    "<br>\n",
    "<h2><b>3. Text Preprocessing</b></h2>"
   ]
  },
  {
   "cell_type": "code",
   "execution_count": 54,
   "metadata": {},
   "outputs": [],
   "source": [
    "clean_spcl = re.compile('[/(){}\\[\\]\\|@,;]')\n",
    "clean_symbol = re.compile('[^0-9a-z #+_]')\n",
    "stopworda = set(stopwords.words('english'))\n",
    "\n",
    "def clean_text(text):\n",
    "    \"\"\"\n",
    "        text: a string\n",
    "        \n",
    "        return: modified initial string\n",
    "    \"\"\"\n",
    "    text = text.lower() # lowercase text\n",
    "    text = clean_spcl.sub(' ', text)\n",
    "    text = clean_symbol.sub('', text)\n",
    "    text = ' '.join(word for word in text.split() if word not in stopworda) # hapus stopword dari kolom deskripsi\n",
    "    return text\n",
    "    \n",
    "df['desc_clean'] = df['description'].apply(clean_text)"
   ]
  },
  {
   "cell_type": "code",
   "execution_count": 55,
   "metadata": {},
   "outputs": [
    {
     "data": {
      "text/html": [
       "<div>\n",
       "<style scoped>\n",
       "    .dataframe tbody tr th:only-of-type {\n",
       "        vertical-align: middle;\n",
       "    }\n",
       "\n",
       "    .dataframe tbody tr th {\n",
       "        vertical-align: top;\n",
       "    }\n",
       "\n",
       "    .dataframe thead th {\n",
       "        text-align: right;\n",
       "    }\n",
       "</style>\n",
       "<table border=\"1\" class=\"dataframe\">\n",
       "  <thead>\n",
       "    <tr style=\"text-align: right;\">\n",
       "      <th></th>\n",
       "      <th>partner_name</th>\n",
       "      <th>address</th>\n",
       "      <th>description</th>\n",
       "      <th>program</th>\n",
       "      <th>course_name</th>\n",
       "      <th>desc_clean</th>\n",
       "    </tr>\n",
       "  </thead>\n",
       "  <tbody>\n",
       "    <tr>\n",
       "      <th>0</th>\n",
       "      <td>Nabil Syahfiar</td>\n",
       "      <td>Kaliwungu, Kendal, Jawa Tengah, 51372</td>\n",
       "      <td>ai, object oriented programming, oop, web prog...</td>\n",
       "      <td>Kuliah</td>\n",
       "      <td>Mata Kuliah</td>\n",
       "      <td>ai object oriented programming oop web program...</td>\n",
       "    </tr>\n",
       "    <tr>\n",
       "      <th>1</th>\n",
       "      <td>PT Orbit Ventura Indonesia</td>\n",
       "      <td>Veteran RI Building 15th Floor Unit Z15-002, P...</td>\n",
       "      <td>3.AI Project Cycle 2.AI Research Methods 4.Pyt...</td>\n",
       "      <td>Studi Independen</td>\n",
       "      <td>AI 4 Jobs</td>\n",
       "      <td>3ai project cycle 2ai research methods 4python...</td>\n",
       "    </tr>\n",
       "    <tr>\n",
       "      <th>2</th>\n",
       "      <td>PT Mitra Semeru Indonesia</td>\n",
       "      <td>Jl. Mampang Prapatan Raya no 84A, Tegal Parang...</td>\n",
       "      <td>1.AI Technology Logic and Concept 2.AI Project...</td>\n",
       "      <td>Studi Independen</td>\n",
       "      <td>AI for StartUps</td>\n",
       "      <td>1ai technology logic concept 2ai project cycle...</td>\n",
       "    </tr>\n",
       "    <tr>\n",
       "      <th>3</th>\n",
       "      <td>PT Nurul Fikri Cipta Inovasi</td>\n",
       "      <td>Jl. Situ Indah No.116 RT. 006 RW. 010 Kel. Tug...</td>\n",
       "      <td>Desain Web Version Control System (VCS): Git/G...</td>\n",
       "      <td>Studi Independen</td>\n",
       "      <td>Akademi Fullstack Web Developer</td>\n",
       "      <td>desain web version control system vcs git gith...</td>\n",
       "    </tr>\n",
       "    <tr>\n",
       "      <th>4</th>\n",
       "      <td>PT Ruang Raya Indonesia</td>\n",
       "      <td>Jl. Dr. Saharjo No.161, Manggarai Selatan, Teb...</td>\n",
       "      <td>Final Project Software Engineering: Implementi...</td>\n",
       "      <td>Studi Independen</td>\n",
       "      <td>Backend Engineering</td>\n",
       "      <td>final project software engineering implementin...</td>\n",
       "    </tr>\n",
       "  </tbody>\n",
       "</table>\n",
       "</div>"
      ],
      "text/plain": [
       "                   partner_name  \\\n",
       "0                Nabil Syahfiar   \n",
       "1    PT Orbit Ventura Indonesia   \n",
       "2     PT Mitra Semeru Indonesia   \n",
       "3  PT Nurul Fikri Cipta Inovasi   \n",
       "4       PT Ruang Raya Indonesia   \n",
       "\n",
       "                                             address  \\\n",
       "0              Kaliwungu, Kendal, Jawa Tengah, 51372   \n",
       "1  Veteran RI Building 15th Floor Unit Z15-002, P...   \n",
       "2  Jl. Mampang Prapatan Raya no 84A, Tegal Parang...   \n",
       "3  Jl. Situ Indah No.116 RT. 006 RW. 010 Kel. Tug...   \n",
       "4  Jl. Dr. Saharjo No.161, Manggarai Selatan, Teb...   \n",
       "\n",
       "                                         description           program  \\\n",
       "0  ai, object oriented programming, oop, web prog...            Kuliah   \n",
       "1  3.AI Project Cycle 2.AI Research Methods 4.Pyt...  Studi Independen   \n",
       "2  1.AI Technology Logic and Concept 2.AI Project...  Studi Independen   \n",
       "3  Desain Web Version Control System (VCS): Git/G...  Studi Independen   \n",
       "4  Final Project Software Engineering: Implementi...  Studi Independen   \n",
       "\n",
       "                       course_name  \\\n",
       "0                      Mata Kuliah   \n",
       "1                        AI 4 Jobs   \n",
       "2                  AI for StartUps   \n",
       "3  Akademi Fullstack Web Developer   \n",
       "4              Backend Engineering   \n",
       "\n",
       "                                          desc_clean  \n",
       "0  ai object oriented programming oop web program...  \n",
       "1  3ai project cycle 2ai research methods 4python...  \n",
       "2  1ai technology logic concept 2ai project cycle...  \n",
       "3  desain web version control system vcs git gith...  \n",
       "4  final project software engineering implementin...  "
      ]
     },
     "execution_count": 55,
     "metadata": {},
     "output_type": "execute_result"
    }
   ],
   "source": [
    "df.head()"
   ]
  },
  {
   "cell_type": "markdown",
   "metadata": {},
   "source": [
    "<br>\n",
    "<h2><b>4. Deskripsi Modul & Kompetensi</b> (Setelah Preprocessing)</h2>"
   ]
  },
  {
   "cell_type": "code",
   "execution_count": 56,
   "metadata": {},
   "outputs": [],
   "source": [
    "# Deskripsi kedua (Setelah preprocessing)\n",
    "def print_description_clean(index):\n",
    "    example = df[df.index == index][['desc_clean', 'partner_name', 'program', 'course_name']].values[0]\n",
    "    if len(example) > 0:\n",
    "        print(example[0], '\\n')\n",
    "        print('Nama Mitra\\t:', example[1])\n",
    "        print('Program\\t:', example[2])\n",
    "        print('Kursus atau Posisi\\t:', example[3])\n",
    "        print()"
   ]
  },
  {
   "cell_type": "code",
   "execution_count": 57,
   "metadata": {},
   "outputs": [
    {
     "name": "stdout",
     "output_type": "stream",
     "text": [
      "3ai project cycle 2ai research methods 4python 1 programmingai technology logic concept 6final project 5professional ethics company skills \n",
      "\n",
      "Nama Mitra\t: PT Orbit Ventura Indonesia\n",
      "Program\t: Studi Independen\n",
      "Kursus atau Posisi\t: AI 4 Jobs\n",
      "\n"
     ]
    }
   ],
   "source": [
    "print_description_clean(1)"
   ]
  },
  {
   "cell_type": "markdown",
   "metadata": {},
   "source": [
    "<br>\n",
    "<h2><b>5. TF-IDF & Cosine Similarity</b></h2>"
   ]
  },
  {
   "cell_type": "code",
   "execution_count": 58,
   "metadata": {},
   "outputs": [
    {
     "data": {
      "text/plain": [
       "array([[1.        , 0.        , 0.        , 0.04208615, 0.071635  ,\n",
       "        0.0911061 , 0.00604063, 0.03918833, 0.11617208, 0.04431005,\n",
       "        0.03439369, 0.06674163, 0.00761257, 0.05747614, 0.02441371,\n",
       "        0.02372035, 0.0065789 , 0.03299428, 0.01401157, 0.02690397,\n",
       "        0.01122623],\n",
       "       [0.        , 1.        , 0.32011442, 0.01223473, 0.019006  ,\n",
       "        0.00592109, 0.00863442, 0.01306972, 0.        , 0.0132483 ,\n",
       "        0.        , 0.01504565, 0.        , 0.        , 0.        ,\n",
       "        0.        , 0.        , 0.        , 0.01321821, 0.        ,\n",
       "        0.03193534],\n",
       "       [0.        , 0.32011442, 1.        , 0.01363991, 0.0114529 ,\n",
       "        0.00660113, 0.0096261 , 0.00791115, 0.        , 0.00738494,\n",
       "        0.        , 0.01677366, 0.        , 0.        , 0.        ,\n",
       "        0.        , 0.        , 0.        , 0.01473634, 0.        ,\n",
       "        0.01583513],\n",
       "       [0.04208615, 0.01223473, 0.01363991, 1.        , 0.04605612,\n",
       "        0.0458314 , 0.00361473, 0.00987036, 0.        , 0.02799068,\n",
       "        0.01255183, 0.00311838, 0.00461574, 0.01197225, 0.        ,\n",
       "        0.        , 0.01740074, 0.04173924, 0.0464956 , 0.00545675,\n",
       "        0.00594631],\n",
       "       [0.071635  , 0.019006  , 0.0114529 , 0.04605612, 1.        ,\n",
       "        0.14590607, 0.00982198, 0.02952062, 0.05971275, 0.14254264,\n",
       "        0.05633024, 0.02146836, 0.00383752, 0.03373358, 0.03649929,\n",
       "        0.01104327, 0.02562331, 0.03942403, 0.11070723, 0.03423444,\n",
       "        0.02104468],\n",
       "       [0.0911061 , 0.00592109, 0.00660113, 0.0458314 , 0.14590607,\n",
       "        1.        , 0.01264908, 0.0289355 , 0.08154567, 0.21240539,\n",
       "        0.08209398, 0.0233061 , 0.00690238, 0.0764933 , 0.03139597,\n",
       "        0.01497499, 0.        , 0.0707086 , 0.03982492, 0.01505816,\n",
       "        0.        ],\n",
       "       [0.00604063, 0.00863442, 0.0096261 , 0.00361473, 0.00982198,\n",
       "        0.01264908, 1.        , 0.07258601, 0.08579723, 0.00257194,\n",
       "        0.        , 0.00220073, 0.        , 0.00650355, 0.00341842,\n",
       "        0.01874809, 0.        , 0.        , 0.01712381, 0.0043181 ,\n",
       "        0.00419649],\n",
       "       [0.03918833, 0.01306972, 0.00791115, 0.00987036, 0.02952062,\n",
       "        0.0289355 , 0.07258601, 1.        , 0.02685276, 0.01618985,\n",
       "        0.01002459, 0.01775254, 0.05334471, 0.01719775, 0.02479193,\n",
       "        0.16425959, 0.        , 0.        , 0.0213037 , 0.04310775,\n",
       "        0.0253292 ],\n",
       "       [0.11617208, 0.        , 0.        , 0.        , 0.05971275,\n",
       "        0.08154567, 0.08579723, 0.02685276, 1.        , 0.02440744,\n",
       "        0.02090069, 0.        , 0.        , 0.0617181 , 0.01781956,\n",
       "        0.        , 0.        , 0.        , 0.02759831, 0.        ,\n",
       "        0.        ],\n",
       "       [0.04431005, 0.0132483 , 0.00738494, 0.02799068, 0.14254264,\n",
       "        0.21240539, 0.00257194, 0.01618985, 0.02440744, 1.        ,\n",
       "        0.0726429 , 0.02692748, 0.00772197, 0.04048951, 0.04209774,\n",
       "        0.        , 0.03040932, 0.06489864, 0.05738608, 0.03711843,\n",
       "        0.        ],\n",
       "       [0.03439369, 0.        , 0.        , 0.01255183, 0.05633024,\n",
       "        0.08209398, 0.        , 0.01002459, 0.02090069, 0.0726429 ,\n",
       "        1.        , 0.        , 0.00528195, 0.02264957, 0.00494334,\n",
       "        0.        , 0.        , 0.05601685, 0.        , 0.        ,\n",
       "        0.        ],\n",
       "       [0.06674163, 0.01504565, 0.01677366, 0.00311838, 0.02146836,\n",
       "        0.0233061 , 0.00220073, 0.01775254, 0.        , 0.02692748,\n",
       "        0.        , 1.        , 0.01928197, 0.00497274, 0.02497087,\n",
       "        0.        , 0.02935766, 0.        , 0.03701546, 0.00921619,\n",
       "        0.01100468],\n",
       "       [0.00761257, 0.        , 0.        , 0.00461574, 0.00383752,\n",
       "        0.00690238, 0.        , 0.05334471, 0.        , 0.00772197,\n",
       "        0.00528195, 0.01928197, 1.        , 0.00368026, 0.        ,\n",
       "        0.        , 0.        , 0.04153526, 0.        , 0.00551389,\n",
       "        0.01225599],\n",
       "       [0.05747614, 0.        , 0.        , 0.01197225, 0.03373358,\n",
       "        0.0764933 , 0.00650355, 0.01719775, 0.0617181 , 0.04048951,\n",
       "        0.02264957, 0.00497274, 0.00368026, 1.        , 0.02944848,\n",
       "        0.        , 0.00954162, 0.03772841, 0.02986834, 0.0777424 ,\n",
       "        0.0118374 ],\n",
       "       [0.02441371, 0.        , 0.        , 0.        , 0.03649929,\n",
       "        0.03139597, 0.00341842, 0.02479193, 0.01781956, 0.04209774,\n",
       "        0.00494334, 0.02497087, 0.        , 0.02944848, 1.        ,\n",
       "        0.02512279, 0.        , 0.01862614, 0.00671424, 0.02478293,\n",
       "        0.01931149],\n",
       "       [0.02372035, 0.        , 0.        , 0.        , 0.01104327,\n",
       "        0.01497499, 0.01874809, 0.16425959, 0.        , 0.        ,\n",
       "        0.        , 0.        , 0.        , 0.        , 0.02512279,\n",
       "        1.        , 0.        , 0.        , 0.        , 0.03173472,\n",
       "        0.        ],\n",
       "       [0.0065789 , 0.        , 0.        , 0.01740074, 0.02562331,\n",
       "        0.        , 0.        , 0.        , 0.        , 0.03040932,\n",
       "        0.        , 0.02935766, 0.        , 0.00954162, 0.        ,\n",
       "        0.        , 1.        , 0.03386671, 0.        , 0.03681648,\n",
       "        0.02020125],\n",
       "       [0.03299428, 0.        , 0.        , 0.04173924, 0.03942403,\n",
       "        0.0707086 , 0.        , 0.        , 0.        , 0.06489864,\n",
       "        0.05601685, 0.        , 0.04153526, 0.03772841, 0.01862614,\n",
       "        0.        , 0.03386671, 1.        , 0.02208688, 0.        ,\n",
       "        0.02288344],\n",
       "       [0.01401157, 0.01321821, 0.01473634, 0.0464956 , 0.11070723,\n",
       "        0.03982492, 0.01712381, 0.0213037 , 0.02759831, 0.05738608,\n",
       "        0.        , 0.03701546, 0.        , 0.02986834, 0.00671424,\n",
       "        0.        , 0.        , 0.02208688, 1.        , 0.00848132,\n",
       "        0.0064243 ],\n",
       "       [0.02690397, 0.        , 0.        , 0.00545675, 0.03423444,\n",
       "        0.01505816, 0.0043181 , 0.04310775, 0.        , 0.03711843,\n",
       "        0.        , 0.00921619, 0.00551389, 0.0777424 , 0.02478293,\n",
       "        0.03173472, 0.03681648, 0.        , 0.00848132, 1.        ,\n",
       "        0.        ],\n",
       "       [0.01122623, 0.03193534, 0.01583513, 0.00594631, 0.02104468,\n",
       "        0.        , 0.00419649, 0.0253292 , 0.        , 0.        ,\n",
       "        0.        , 0.01100468, 0.01225599, 0.0118374 , 0.01931149,\n",
       "        0.        , 0.02020125, 0.02288344, 0.0064243 , 0.        ,\n",
       "        1.        ]])"
      ]
     },
     "execution_count": 58,
     "metadata": {},
     "output_type": "execute_result"
    }
   ],
   "source": [
    "df.set_index('partner_name', inplace=True)\n",
    "tf = TfidfVectorizer(analyzer='word', ngram_range=(1, 3), min_df=0, stop_words='english')\n",
    "tfidf_matrix = tf.fit_transform(df['desc_clean'])\n",
    "cos_sim = cosine_similarity(tfidf_matrix, tfidf_matrix)\n",
    "cos_sim"
   ]
  },
  {
   "cell_type": "code",
   "execution_count": 59,
   "metadata": {},
   "outputs": [
    {
     "data": {
      "text/plain": [
       "0                        Nabil Syahfiar\n",
       "1            PT Orbit Ventura Indonesia\n",
       "2             PT Mitra Semeru Indonesia\n",
       "3          PT Nurul Fikri Cipta Inovasi\n",
       "4               PT Ruang Raya Indonesia\n",
       "5           PT LENTERA BANGSA BENDERANG\n",
       "6                     PT DWI INTI PUTRA\n",
       "7              PT. INDOBIT DIGITAL RAYA\n",
       "8        PT Mitra Integrasi Informatika\n",
       "9           PT LENTERA BANGSA BENDERANG\n",
       "10    PT Hacktivate Teknologi Indonesia\n",
       "11      PT Nodeflux Teknologi Indonesia\n",
       "12                 PT Pundi Mas Berjaya\n",
       "13                      PT GIT SOLUTION\n",
       "14    PT Telkom Indonesia (Persero) Tbk\n",
       "15            PT TELEKOMUNIKASI SELULAR\n",
       "16           PT Widya Inovasi Indonesia\n",
       "17     PT Bejana Investidata Globalindo\n",
       "18      PT Investree Radhika Jaya Group\n",
       "19       PT Generasi Anak Muda Berkarya\n",
       "20                  UPT Solo Technopark\n",
       "Name: partner_name, dtype: object"
      ]
     },
     "execution_count": 59,
     "metadata": {},
     "output_type": "execute_result"
    }
   ],
   "source": [
    "# Set index utama di kolom 'name'\n",
    "indices = pd.Series(df.index)\n",
    "indices[:21]"
   ]
  },
  {
   "cell_type": "markdown",
   "metadata": {},
   "source": [
    "<br>\n",
    "<h2><b>6. Modelling</b></h2>"
   ]
  },
  {
   "cell_type": "code",
   "execution_count": 60,
   "metadata": {},
   "outputs": [],
   "source": [
    "def recommendations(name, cos_sim = cos_sim):\n",
    "    \n",
    "    recommended_mbkm = {'partner_name': [],\n",
    "                       'address': [],\n",
    "                       'program': [],\n",
    "                       'course_name': []}\n",
    "    \n",
    "    # Mengambil nama hotel berdasarkan variabel indicies\n",
    "    idx = indices[indices == name].index[0]\n",
    "\n",
    "    # Membuat series berdasarkan skor kesamaan\n",
    "    score_series = pd.Series(cos_sim[idx]).sort_values(ascending = False)\n",
    "\n",
    "    # mengambil index dan dibuat 10 baris rekomendasi terbaik\n",
    "    top_10_indexes = list(score_series.iloc[1:11].index)\n",
    "\n",
    "    print('Daftar Rekomendasi')\n",
    "    print(\"=\"*50)\n",
    "    \n",
    "    for i in top_10_indexes:\n",
    "      \n",
    "      if list(df['program'])[i] == \"Magang\":\n",
    "        kursus_or_posisi = \"Posisi\"\n",
    "      else:\n",
    "        kursus_or_posisi = \"Kursus\"\n",
    "      \n",
    "      print()\n",
    "      print('Mitra\\t:', list(df.index)[i])\n",
    "      print('Program\\t:', list(df['program'])[i])\n",
    "      print(f'{kursus_or_posisi}\\t:', list(df['course_name'])[i])\n",
    "      print()\n",
    "      print(\"=\"*50)"
   ]
  },
  {
   "cell_type": "markdown",
   "metadata": {},
   "source": [
    "<br>\n",
    "<h2><b>7. Prediksi</b></h2>"
   ]
  },
  {
   "cell_type": "code",
   "execution_count": 61,
   "metadata": {},
   "outputs": [
    {
     "name": "stdout",
     "output_type": "stream",
     "text": [
      "Daftar Rekomendasi\n",
      "==================================================\n",
      "\n",
      "Mitra\t: PT Mitra Integrasi Informatika\n",
      "Program\t: Studi Independen\n",
      "Kursus\t: Full Stack Developer\n",
      "\n",
      "==================================================\n",
      "\n",
      "Mitra\t: PT LENTERA BANGSA BENDERANG\n",
      "Program\t: Studi Independen\n",
      "Kursus\t: Backend Javascript\n",
      "\n",
      "==================================================\n",
      "\n",
